version https://git-lfs.github.com/spec/v1
oid sha256:54839da1db8827d9f0bb8bc2181a5a1447022c94b9aea68f6c7b8427acad8d8d
size 42038
