version https://git-lfs.github.com/spec/v1
oid sha256:0967dc671ca14ac2a6cbadeaee9d94258dbfbdb2723d7c40716bbf0a480a5215
size 47669
