version https://git-lfs.github.com/spec/v1
oid sha256:daec2e4997d3743430eb79078e1edad528eaf8fd5a81ac14f86ef4cdc41fba80
size 26726
