version https://git-lfs.github.com/spec/v1
oid sha256:03435fdc4a8d6aec2a580480bc64537e757c5112f38a449a692c5b3e9a5c089c
size 47762
